total time = 1957.35
--------------------
### CPU CONS### 
Top 10 gluttonous: 
+----------+-------+--------+------+
|    job_id|cpu_req|cpu_rate| delta|
+----------+-------+--------+------+
|6464224372|  3.998| 30.1044|-26.11|
|6307250860| 0.6248|   24.88|-24.26|
|6184967359|  18.75|  39.858|-21.11|
|6475531168| 0.6248|   18.16|-17.54|
|6359793838|   12.5|   29.09|-16.59|
|6402421886|  2.249| 18.2194|-15.97|
|6119828740|   0.75| 16.5595|-15.81|
|5501666014|  18.75| 34.4222|-15.67|
|6403937572|  2.689| 17.9167|-15.23|
|6382260163|   12.5| 26.4953| -14.0|
+----------+-------+--------+------+
only showing top 10 rows

Top 10 frugal: 
+----------+-------+--------+-----+
|    job_id|cpu_req|cpu_rate|delta|
+----------+-------+--------+-----+
|6268532629|   50.0|  0.0184|49.98|
|6268734026|   50.0|  0.0635|49.94|
|6346372137|  43.75|  0.0033|43.75|
|6328935123|  43.75|     0.0|43.75|
|6320270353|  43.75|  0.0031|43.75|
|6333150608|  43.75|  0.0031|43.75|
|6369448531|  43.75|  0.0035|43.75|
|6435157515|  43.75|  0.0037|43.75|
|6343801482|  43.75|  0.0036|43.75|
|6288798094|  43.75|  0.0045|43.75|
+----------+-------+--------+-----+
only showing top 10 rows

### MEM CONS ###
Top 10 gluttonous: 
+----------+-------+-------+------+
|    job_id|mem_req| mem_us| delta|
+----------+-------+-------+------+
|6223149112|  1.218|11.2599|-10.04|
|6291650278| 0.7767|  8.423| -7.65|
|6231386690|   2.78|  9.193| -6.41|
|6119828740| 0.5905|   6.99|  -6.4|
|1843579567| 0.6058| 6.3405| -5.73|
|6431770331|  3.107|  8.215| -5.11|
|6292629211| 0.7767|   5.86| -5.08|
|4476805516|17.7259|22.0106| -4.28|
|6433039963|  3.107| 7.2228| -4.12|
|6427863919|  3.107| 7.1758| -4.07|
+----------+-------+-------+------+
only showing top 10 rows

Top 10 frugal: 
+----------+-------+------+-----+
|    job_id|mem_req|mem_us|delta|
+----------+-------+------+-----+
|6308938396|  63.67|0.0955|63.57|
|6308910100|  63.67|0.4474|63.22|
|6308952765|  63.67|0.6938|62.98|
|6306258903|  63.67|0.7682| 62.9|
|6088049389|  50.98|0.1062|50.87|
|6468807724|  50.88|0.2937|50.59|
|6429554982|  47.75|0.0466| 47.7|
|6465867626|  47.75|0.0631|47.69|
|6430086351|  47.75|0.0961|47.65|
|6332768629|  46.63|0.1572|46.47|
+----------+-------+------+-----+
only showing top 10 rows



