total time = 48.27
------------------
+----------+-----+
|    job_id|count|
+----------+-----+
|6314639993|    3|
|6314795805|    3|
|6314808130|    3|
|6265699079|  206|
|6314926537|    3|
|6315025599|    3|
|6315067393|    3|
|6355175419|   21|
|6355230702|    3|
|6355265203|    3|
|6355274073|   45|
|6355309865|    3|
|6127578300|   35|
|6355359785|    3|
|6355360481|    3|
|6355374981|    3|
|6355412874|    3|
|6355433545|    3|
|6355438085|   45|
|6355485860|  186|
+----------+-----+
only showing top 20 rows


